
DLM:
   1.2001498e-27   1.7855122e-22   7.4530015e-18   8.7569098e-14   2.8878845e-10   2.6797348e-07   6.9872761e-05    0.0051166488      0.10536443      0.60958220      0.99136371      0.45304137     0.058200254    0.0021004969   2.1319136e-05   6.0765783e-08   4.8669030e-11   1.0968545e-14   6.9380102e-19   1.2353550e-23
   9.7591609e-20   4.0447160e-16   6.9577991e-13   4.9791082e-10   1.4792990e-07   1.8278466e-05   0.00093841850     0.020010255      0.17738363      0.65326607      0.99989676      0.63590640      0.16808209     0.018457105   0.00084258243   1.5975655e-05   1.2585717e-07   4.1236178e-10   5.6092116e-13   3.1741159e-16

  -1.9258473e-23  -2.5752389e-18  -9.5394432e-14  -9.7864699e-10  -2.7585668e-06   -0.0021246150     -0.44052674      -23.952023      -322.14544      -874.10096       188.17955       821.62327       200.03881       10.630261      0.14250429   0.00050484761   4.8337321e-07   1.2674537e-10   9.1436749e-15   1.8286477e-19
  -2.1879727e-16  -8.1598633e-13  -1.2474587e-09  -7.8089238e-07  -0.00019879075    -0.020458400     -0.83961016      -13.410613      -79.047859      -144.44476       3.4427695       144.98534       76.060257       12.496814      0.75966716     0.017990964   0.00016999571   6.4956220e-07   1.0095340e-09   6.4253610e-13

   1.2079031e-21   1.4517643e-16   4.7724207e-12   4.2748918e-08   0.00010299379     0.065840414       10.855767       438.25076       3849.7616       4899.0829       139.61616       5824.1356       2687.3702       210.27597       3.7231467     0.016394017   1.8764471e-05   5.7245196e-09   4.7101040e-13   1.0580158e-17
   2.0472104e-15   6.8701932e-12   9.3340828e-09   5.1111897e-06    0.0011148786     0.095564105       3.1350901       37.509033       147.01373       133.29219     0.049471144       137.95778       143.64328       35.312317       2.8584166     0.084555402   0.00095827284   4.2702595e-06   7.5828295e-09   5.4282954e-12

.PRO:



